mtx
[[  2.70698401e+03   0.00000000e+00   9.71379742e+02]
 [  0.00000000e+00   2.69656522e+03   5.21649973e+02]
 [  0.00000000e+00   0.00000000e+00   1.00000000e+00]]
<class 'numpy.ndarray'>
dist
[[  2.45000445e-01  -6.42516377e-01   7.64725607e-04   3.61062798e-03
    8.36154477e-01]]
newcameramtx
[[  2.76536255e+03   0.00000000e+00   9.74480810e+02]
 [  0.00000000e+00   2.72011548e+03   5.22169397e+02]
 [  0.00000000e+00   0.00000000e+00   1.00000000e+00]]
<class 'numpy.ndarray'>
255
(4, 10, 1911, 1060)